Date,Utilities,Shopping,Health,Food & Dinning,Groceries,Others,Entertainment,Salary,Transportation,Education
2024-05-01,36593.130635150475,13668.301671779715,8786.908920111135,14601.833894876763,0.0,71463.91805225657,44704.29268292687,126534.89359391853,65761.66666666663,0.0
2024-05-02,36538.38766863616,13304.326059732586,8584.418395686895,14133.364723717794,0.0,71637.41092636576,44612.43902439019,127871.42833876237,65811.83333333337,0.0
2024-05-03,36483.64470212208,12940.350447686389,8381.927871262655,13664.895552558824,0.0,71810.90380047541,44520.58536585374,129207.96308360249,65862.0,0.0
2024-05-04,36428.90173560777,12576.37483563926,8179.43734683888,13196.426381399855,0.0,71984.3966745846,44428.731707317056,130544.49782844633,65912.16666666663,0.0
2024-05-05,36374.158769093454,12212.399223592132,7976.94682241464,12727.957210240886,0.0,72157.88954869378,44336.87804878061,131881.03257328644,65962.33333333337,0.0
2024-05-06,36319.41580257914,11848.423611545935,7774.4562979904,12259.488039081916,0.0,72331.38242280297,44245.024390243925,133217.56731813028,66012.5,0.0
2024-05-07,36264.67283606483,11484.447999498807,7571.965773566626,11791.018867922947,0.0,72504.87529691216,44153.170731707476,134554.10206297413,66062.66666666663,0.0
2024-05-08,36209.92986955051,11120.472387451679,7369.475249142386,11322.549696763977,0.0,72678.36817102134,44061.317073170794,135890.63680781424,66112.83333333337,0.0
2024-05-09,36155.1869030362,10756.496775405481,7166.984724718146,10854.080525605008,0.0,72851.861045131,43969.46341463411,137227.17155265808,66163.0,0.0
2024-05-10,36100.443936521886,10392.521163358353,6964.494200293906,10385.611354446039,0.0,73025.35391924018,43877.60975609766,138563.70629750192,66213.16666666663,0.0
2024-05-11,36045.70097000757,10028.545551311225,6762.003675870132,9917.14218328707,0.0,73198.84679334937,43785.75609756098,139900.24104234204,66263.33333333337,0.0
2024-05-12,35990.95800349326,9664.569939264096,6559.513151445892,9448.6730121281,0.0,73372.33966745855,43693.90243902453,141236.77578718588,66313.5,0.0
2024-05-13,35936.21503697918,9300.5943272179,6357.022627021652,8980.20384096913,0.0,73545.83254156774,43602.04878048785,142573.31053202972,66363.66666666663,0.0
2024-05-14,35881.472070464864,8936.61871517077,6154.532102597412,8511.734669810161,0.0,73719.32541567693,43510.19512195117,143909.84527686983,66413.83333333337,0.0
2024-05-15,35826.72910395055,8572.643103123643,5952.041578173637,8043.265498651192,0.0,73892.81828978658,43418.34146341472,145246.38002171367,66464.0,0.0
2024-05-16,35771.98613743624,8208.667491077445,5749.551053749397,7574.796327492222,0.0,74066.31116389576,43326.48780487804,146582.91476655751,66514.16666666663,0.0
2024-05-17,35717.24317092192,7844.691879030317,5547.060529325157,7106.327156333253,0.0,74239.80403800495,43234.63414634159,147919.44951139763,66564.33333333337,0.0
2024-05-18,35662.50020440761,7480.716266983189,5344.570004901383,6637.857985174283,0.0,74413.29691211414,43142.78048780491,149255.98425624147,66614.5,0.0
2024-05-19,35607.7572378933,7116.740654936992,5142.079480477143,6169.388814015314,0.0,74586.78978622332,43050.92682926846,150592.5190010853,66664.66666666663,0.0
2024-05-20,35553.01427137898,6752.765042889863,4939.588956052903,5700.919642856345,0.0,74760.28266033251,42959.073170731775,151929.05374592543,66714.83333333337,0.0
2024-05-21,35498.27130486467,6388.789430842735,4737.098431628663,5232.450471697375,0.0,74933.77553444216,42867.21951219509,153265.58849076927,66765.0,0.0
2024-05-22,35443.528338350356,6024.813818796538,4534.607907204889,4763.981300538406,0.0,75107.26840855135,42775.365853658644,154602.1232356131,66815.16666666663,0.0
2024-05-23,35388.785371836275,5660.838206749409,4332.117382780649,4295.512129379436,0.0,75280.76128266053,42683.51219512196,155938.65798045322,66865.33333333337,0.0
2024-05-24,35334.04240532196,5296.862594702281,4129.626858356409,3827.042958220467,0.0,75454.25415676972,42591.65853658551,157275.19272529706,66915.5,0.0
2024-05-25,35279.29943880765,4932.886982656084,3927.136333932169,3358.5737870614976,0.0,75627.7470308789,42499.80487804883,158611.7274701409,66965.66666666663,0.0
2024-05-26,35224.556472293334,4568.911370608956,3724.6458095083944,2890.104615902528,0.0,75801.23990498809,42407.95121951215,159948.26221498102,67015.83333333337,0.0
2024-05-27,35169.81350577902,4204.935758561827,3522.1552850841545,2421.635444741696,0.0,75974.73277909774,42316.0975609757,161284.79695982486,67066.0,0.0
2024-05-28,35115.07053926471,3840.96014651563,3319.6647606599145,1953.1662735827267,0.0,76148.22565320693,42224.24390243902,162621.3317046687,67116.16666666663,0.0
2024-05-29,35060.32757275039,3476.984534468502,3117.1742362356745,1484.6971024237573,0.0,76321.71852731612,42132.39024390257,163957.86644950882,67166.33333333337,0.0
2024-05-30,35005.58460623608,3113.0089224213734,2914.6837118119,1016.2279312647879,0.0,76495.2114014253,42040.53658536589,165294.40119435266,67216.5,0.0
